8 0.44243421052631576 0.15049342105263158 0.05921052631578947 0.047697368421052634
8 0.28125 0.15789473684210525 0.05180921052631579 0.04111842105263158
8 0.13898026315789475 0.16776315789473684 0.04358552631578947 0.046052631578947366
8 0.019736842105263157 0.17023026315789475 0.038651315789473686 0.04194078947368421
8 0.02138157894736842 0.3371710526315789 0.04111842105263158 0.039473684210526314
8 0.14309210526315788 0.34457236842105265 0.049342105263157895 0.049342105263157895
8 0.2878289473684211 0.34786184210526316 0.060032894736842105 0.055098684210526314
8 0.8379934210526315 0.36019736842105265 0.078125 0.04358552631578947
0 0.5929276315789473 0.4654605263157895 0.014802631578947368 0.02138157894736842
8 0.024671052631578948 0.5049342105263158 0.03782894736842105 0.03782894736842105
8 0.14720394736842105 0.515625 0.038651315789473686 0.033717105263157895
8 0.2870065789473684 0.53125 0.05016447368421053 0.04194078947368421
8 0.8264802631578947 0.5855263157894737 0.07154605263157894 0.039473684210526314
8 0.029605263157894735 0.6611842105263158 0.03700657894736842 0.039473684210526314
8 0.15213815789473684 0.6825657894736842 0.046875 0.03125
8 0.2886513157894737 0.7088815789473685 0.049342105263157895 0.04111842105263158
8 0.8133223684210527 0.8075657894736842 0.06825657894736842 0.04523026315789474
8 0.8470394736842105 0.12006578947368421 0.0756578947368421 0.060032894736842105
8 0.6274671052631579 0.13980263157894737 0.06743421052631579 0.05180921052631579