8 0.7047697368421053 0.2565789473684211 0.11266447368421052 0.05180921052631579
8 0.36348684210526316 0.2713815789473684 0.11842105263157894 0.054276315789473686
8 0.6661184210526315 0.40460526315789475 0.13075657894736842 0.06661184210526316
8 0.3001644736842105 0.4243421052631579 0.12417763157894737 0.0649671052631579
8 0.6685855263157895 0.5304276315789473 0.1118421052631579 0.05592105263157895
8 0.31167763157894735 0.546875 0.12582236842105263 0.07319078947368421
8 0.6636513157894737 0.6504934210526315 0.11924342105263158 0.054276315789473686
8 0.3223684210526316 0.6636513157894737 0.11924342105263158 0.06661184210526316
8 0.6735197368421053 0.7664473684210527 0.10855263157894737 0.054276315789473686
8 0.32730263157894735 0.7771381578947368 0.10115131578947369 0.06661184210526316
8 0.6768092105263158 0.8733552631578947 0.10526315789473684 0.0649671052631579
8 0.33963815789473684 0.8832236842105263 0.10773026315789473 0.054276315789473686