10 0.665296052631579 0.19901315789473684 0.014802631578947368 0.02549342105263158
10 0.5139802631578947 0.2532894736842105 0.01644736842105263 0.027960526315789474
4 0.6973684210526315 0.25411184210526316 0.06578947368421052 0.05345394736842105
10 0.7952302631578947 0.25493421052631576 0.022203947368421052 0.03125
10 0.35526315789473684 0.2557565789473684 0.023026315789473683 0.029605263157894735
10 0.10197368421052631 0.26644736842105265 0.019736842105263157 0.03125
10 0.20641447368421054 0.29523026315789475 0.02138157894736842 0.033717105263157895
4 0.5394736842105263 0.3050986842105263 0.07483552631578948 0.06085526315789474
4 0.3881578947368421 0.3092105263157895 0.06907894736842106 0.06085526315789474
4 0.13240131578947367 0.3215460526315789 0.06661184210526316 0.049342105263157895
4 0.23355263157894737 0.34786184210526316 0.06414473684210527 0.05921052631578947
10 0.7524671052631579 0.5501644736842105 0.018914473684210526 0.04523026315789474
4 0.7853618421052632 0.6019736842105263 0.06414473684210527 0.05756578947368421
10 0.5929276315789473 0.6077302631578947 0.019736842105263157 0.02549342105263158
10 0.19078947368421054 0.6233552631578947 0.019736842105263157 0.033717105263157895
10 0.3980263157894737 0.6356907894736842 0.019736842105263157 0.029605263157894735
4 0.22039473684210525 0.6587171052631579 0.06578947368421052 0.04523026315789474
4 0.6241776315789473 0.6587171052631579 0.06743421052631579 0.049342105263157895
4 0.43256578947368424 0.671875 0.06990131578947369 0.039473684210526314
10 0.08634868421052631 0.7935855263157895 0.018914473684210526 0.02549342105263158