5 0.20065789473684212 0.21052631578947367 0.12582236842105263 0.08223684210526316
5 0.3404605263157895 0.22039473684210525 0.12417763157894737 0.07401315789473684
5 0.4720394736842105 0.22203947368421054 0.125 0.07648026315789473
5 0.6060855263157895 0.22861842105263158 0.1225328947368421 0.07154605263157894
5 0.7368421052631579 0.23355263157894737 0.10855263157894737 0.07319078947368421
5 0.234375 0.35855263157894735 0.13240131578947367 0.078125
5 0.5476973684210527 0.3684210526315789 0.12911184210526316 0.07894736842105263
5 0.39144736842105265 0.3692434210526316 0.1225328947368421 0.09539473684210527
5 0.6990131578947368 0.37335526315789475 0.1225328947368421 0.07154605263157894
5 0.19407894736842105 0.49835526315789475 0.12582236842105263 0.0756578947368421
5 0.4662828947368421 0.5032894736842105 0.11924342105263158 0.07483552631578948
5 0.7294407894736842 0.5115131578947368 0.12335526315789473 0.07319078947368421
5 0.21792763157894737 0.640625 0.10773026315789473 0.078125
5 0.9506578947368421 0.649671052631579 0.09786184210526316 0.07236842105263158